id,class_id
000000_class224.jpg,79
000001_class049.jpg,66
000002_class281.jpg,335
000003_class167.jpg,212
000004_class310.jpg,254
000005_class136.jpg,318
000006_class128.jpg,128
000007_class283.jpg,283
000008_class174.jpg,244
000009_class232.jpg,232
000010_class360.jpg,294
000011_class046.jpg,310
000012_class305.jpg,332
000013_class251.jpg,58
000014_class365.jpg,384
000015_class393.jpg,393
000016_class361.jpg,223
000017_class267.jpg,267
000018_class028.jpg,228
000019_class294.jpg,294
000020_class134.jpg,44
000021_class384.jpg,307
000022_class372.jpg,188
000023_class034.jpg,289
000024_class139.jpg,265
000025_class047.jpg,96
000026_class199.jpg,327
000027_class261.jpg,232
000028_class195.jpg,221
000029_class207.jpg,207
000030_class240.jpg,240
000031_class125.jpg,298
000032_class122.jpg,122
000033_class372.jpg,372
000034_class336.jpg,277
000035_class067.jpg,277
000036_class202.jpg,250
000037_class226.jpg,369
000038_class390.jpg,390
000039_class329.jpg,49
000040_class202.jpg,202
000041_class275.jpg,23
000042_class327.jpg,319
000043_class107.jpg,396
000044_class375.jpg,368
000045_class101.jpg,125
000046_class317.jpg,289
000047_class211.jpg,170
000048_class313.jpg,193
000049_class073.jpg,364
000050_class132.jpg,300
000051_class212.jpg,212
000052_class089.jpg,23
000053_class072.jpg,350
000054_class308.jpg,379
000055_class385.jpg,385
000056_class083.jpg,83
000057_class138.jpg,271
000058_class082.jpg,225
000059_class372.jpg,372
000060_class390.jpg,390
000061_class199.jpg,187
000062_class018.jpg,338
000063_class201.jpg,201
000064_class200.jpg,197
000065_class183.jpg,294
000066_class239.jpg,74
000067_class258.jpg,258
000068_class098.jpg,0
000069_class373.jpg,211
000070_class141.jpg,141
000071_class351.jpg,191
000072_class313.jpg,27
000073_class155.jpg,224
000074_class346.jpg,262
000075_class385.jpg,385
000076_class350.jpg,350
000077_class224.jpg,224
000078_class339.jpg,172
000079_class386.jpg,181
000080_class325.jpg,366
000081_class058.jpg,41
000082_class187.jpg,250
000083_class038.jpg,266
000084_class318.jpg,172
000085_class206.jpg,143
000086_class264.jpg,318
000087_class199.jpg,293
000088_class199.jpg,43
000089_class012.jpg,240
000090_class338.jpg,27
000091_class338.jpg,264
000092_class363.jpg,111
000093_class246.jpg,246
000094_class057.jpg,114
000095_class390.jpg,390
000096_class216.jpg,189
000097_class375.jpg,368
000098_class316.jpg,316
000099_class100.jpg,269
000100_class126.jpg,185
000101_class375.jpg,14
000102_class199.jpg,305
000103_class227.jpg,173
000104_class052.jpg,307
000105_class289.jpg,34
000106_class037.jpg,279
000107_class339.jpg,89
000108_class126.jpg,131
000109_class149.jpg,265
000110_class105.jpg,137
000111_class379.jpg,349
000112_class093.jpg,388
000113_class148.jpg,288
000114_class165.jpg,301
000115_class020.jpg,153
000116_class183.jpg,183
000117_class151.jpg,44
000118_class144.jpg,266
000119_class285.jpg,195
000120_class059.jpg,364
000121_class327.jpg,234
000122_class214.jpg,280
000123_class230.jpg,297
000124_class381.jpg,338
000125_class239.jpg,239
000126_class321.jpg,321
000127_class073.jpg,239
000128_class373.jpg,147
000129_class191.jpg,267
000130_class251.jpg,255
000131_class192.jpg,192
000132_class135.jpg,271
000133_class282.jpg,282
000134_class312.jpg,312
000135_class100.jpg,100
000136_class051.jpg,290
000137_class073.jpg,267
000138_class122.jpg,380
000139_class058.jpg,136
000140_class253.jpg,358
000141_class381.jpg,129
000142_class305.jpg,189
000143_class369.jpg,79
000144_class072.jpg,276
000145_class025.jpg,354
000146_class302.jpg,62
000147_class098.jpg,365
000148_class229.jpg,271
000149_class243.jpg,26
000150_class330.jpg,315
000151_class278.jpg,82
000152_class274.jpg,274
000153_class000.jpg,308
000154_class159.jpg,364
000155_class117.jpg,80
000156_class033.jpg,31
000157_class294.jpg,294
000158_class306.jpg,306
000159_class084.jpg,393
000160_class288.jpg,288
000161_class032.jpg,32
000162_class385.jpg,385
000163_class312.jpg,312
000164_class211.jpg,54
000165_class102.jpg,314
000166_class321.jpg,138
000167_class169.jpg,45
000168_class202.jpg,323
000169_class094.jpg,109
000170_class118.jpg,118
000171_class338.jpg,173
000172_class142.jpg,142
000173_class039.jpg,344
000174_class237.jpg,136
000175_class359.jpg,283
000176_class334.jpg,59
000177_class169.jpg,14
000178_class037.jpg,174
000179_class140.jpg,264
000180_class242.jpg,112
000181_class225.jpg,390
000182_class395.jpg,149
000183_class131.jpg,192
000184_class380.jpg,130
000185_class104.jpg,212
000186_class261.jpg,261
000187_class054.jpg,54
000188_class167.jpg,55
000189_class374.jpg,226
000190_class161.jpg,162
000191_class167.jpg,136
000192_class217.jpg,368
000193_class075.jpg,75
000194_class331.jpg,242
000195_class054.jpg,323
000196_class341.jpg,371
000197_class229.jpg,392
000198_class058.jpg,380
000199_class240.jpg,346
000200_class331.jpg,332
000201_class227.jpg,192
000202_class033.jpg,33
000203_class203.jpg,231
000204_class184.jpg,184
000205_class113.jpg,113
000206_class348.jpg,304
000207_class008.jpg,326
000208_class108.jpg,184
000209_class133.jpg,130
000210_class338.jpg,124
000211_class012.jpg,84
000212_class236.jpg,372
000213_class045.jpg,45
000214_class314.jpg,147
000215_class287.jpg,147
000216_class163.jpg,279
000217_class129.jpg,129
000218_class118.jpg,129
000219_class021.jpg,16
000220_class070.jpg,88
000221_class057.jpg,161
000222_class146.jpg,79
000223_class366.jpg,366
000224_class121.jpg,276
000225_class390.jpg,181
000226_class322.jpg,322
000227_class222.jpg,231
000228_class312.jpg,312
000229_class351.jpg,351
000230_class268.jpg,164
000231_class137.jpg,16
000232_class066.jpg,99
000233_class337.jpg,337
000234_class189.jpg,217
000235_class386.jpg,270
000236_class127.jpg,127
000237_class273.jpg,55
000238_class104.jpg,171
000239_class010.jpg,200
000240_class250.jpg,96
000241_class043.jpg,43
000242_class003.jpg,162
000243_class103.jpg,103
000244_class186.jpg,388
000245_class270.jpg,373
000246_class348.jpg,348
000247_class289.jpg,289
000248_class197.jpg,197
000249_class252.jpg,242
000250_class295.jpg,338
000251_class132.jpg,369
000252_class140.jpg,140
000253_class383.jpg,384
000254_class156.jpg,156
000255_class320.jpg,143
000256_class269.jpg,269
000257_class067.jpg,133
000258_class167.jpg,380
000259_class132.jpg,45
000260_class002.jpg,1
000261_class368.jpg,368
000262_class055.jpg,173
000263_class208.jpg,339
000264_class111.jpg,111
000265_class242.jpg,257
000266_class248.jpg,150
000267_class009.jpg,81
000268_class137.jpg,269
000269_class352.jpg,144
000270_class310.jpg,152
000271_class392.jpg,337
000272_class216.jpg,265
000273_class179.jpg,122
000274_class356.jpg,149
000275_class234.jpg,45
000276_class267.jpg,232
000277_class182.jpg,14
000278_class105.jpg,396
000279_class270.jpg,24
000280_class077.jpg,98
000281_class055.jpg,55
000282_class271.jpg,138
000283_class200.jpg,325
000284_class381.jpg,144
000285_class383.jpg,385
000286_class313.jpg,343
000287_class114.jpg,157
000288_class084.jpg,285
000289_class256.jpg,222
000290_class299.jpg,265
000291_class363.jpg,363
000292_class309.jpg,309
000293_class346.jpg,355
000294_class083.jpg,83
000295_class134.jpg,134
000296_class235.jpg,389
000297_class387.jpg,387
000298_class056.jpg,219
000299_class096.jpg,105
000300_class216.jpg,224
000301_class065.jpg,65
000302_class393.jpg,13
000303_class003.jpg,238
000304_class239.jpg,362
000305_class159.jpg,376
000306_class331.jpg,331
000307_class280.jpg,227
000308_class118.jpg,364
000309_class074.jpg,365
000310_class077.jpg,314
000311_class369.jpg,369
000312_class376.jpg,376
000313_class042.jpg,80
000314_class154.jpg,154
000315_class223.jpg,281
000316_class072.jpg,234
000317_class130.jpg,130
000318_class028.jpg,136
000319_class157.jpg,289
000320_class282.jpg,367
000321_class170.jpg,170
000322_class079.jpg,79
000323_class161.jpg,340
000324_class146.jpg,79
000325_class345.jpg,343
000326_class288.jpg,288
000327_class130.jpg,130
000328_class232.jpg,232
000329_class002.jpg,338
000330_class065.jpg,65
000331_class225.jpg,225
000332_class266.jpg,113
000333_class032.jpg,161
000334_class182.jpg,137
000335_class268.jpg,281
000336_class197.jpg,204
000337_class096.jpg,396
000338_class380.jpg,130
000339_class131.jpg,137
000340_class139.jpg,329
000341_class339.jpg,55
000342_class213.jpg,388
000343_class206.jpg,214
000344_class104.jpg,96
000345_class127.jpg,127
000346_class031.jpg,51
000347_class088.jpg,344
000348_class348.jpg,190
000349_class237.jpg,316
000350_class233.jpg,233
000351_class302.jpg,45
000352_class182.jpg,332
000353_class322.jpg,234
000354_class262.jpg,262
000355_class028.jpg,50
000356_class130.jpg,38
000357_class004.jpg,24
000358_class168.jpg,386
000359_class019.jpg,37
000360_class203.jpg,172
000361_class357.jpg,225
000362_class082.jpg,313
000363_class042.jpg,42
000364_class167.jpg,266
000365_class065.jpg,272
000366_class114.jpg,163
000367_class290.jpg,158
000368_class013.jpg,315
000369_class006.jpg,85
000370_class165.jpg,165
000371_class196.jpg,168
000372_class069.jpg,358
000373_class035.jpg,245
000374_class131.jpg,165
000375_class166.jpg,298
000376_class076.jpg,124
000377_class153.jpg,323
000378_class344.jpg,85
000379_class334.jpg,92
000380_class076.jpg,173
000381_class181.jpg,181
000382_class383.jpg,383
000383_class158.jpg,158
000384_class066.jpg,354
000385_class158.jpg,158
000386_class063.jpg,110
000387_class056.jpg,259
000388_class006.jpg,6
000389_class327.jpg,30
000390_class033.jpg,16
000391_class306.jpg,262
000392_class246.jpg,79
000393_class303.jpg,185
000394_class387.jpg,387
000395_class125.jpg,125
000396_class081.jpg,290
000397_class179.jpg,184
000398_class154.jpg,170
000399_class004.jpg,4
000400_class391.jpg,224
000401_class310.jpg,46
000402_class015.jpg,228
000403_class113.jpg,133
000404_class070.jpg,274
000405_class187.jpg,267
000406_class348.jpg,21
000407_class197.jpg,78
000408_class197.jpg,197
000409_class325.jpg,325
000410_class069.jpg,225
000411_class167.jpg,167
000412_class065.jpg,254
000413_class182.jpg,268
000414_class372.jpg,259
000415_class188.jpg,16
000416_class182.jpg,88
000417_class283.jpg,283
000418_class022.jpg,50
000419_class202.jpg,219
000420_class196.jpg,311
000421_class248.jpg,199
000422_class149.jpg,42
000423_class275.jpg,301
000424_class284.jpg,265
000425_class327.jpg,375
000426_class346.jpg,375
000427_class239.jpg,75
000428_class177.jpg,277
000429_class259.jpg,41
000430_class219.jpg,165
000431_class139.jpg,42
000432_class231.jpg,335
000433_class266.jpg,195
000434_class080.jpg,343
000435_class003.jpg,74
000436_class134.jpg,134
000437_class100.jpg,100
000438_class347.jpg,335
000439_class008.jpg,326
000440_class256.jpg,358
000441_class392.jpg,393
000442_class111.jpg,111
000443_class289.jpg,289
000444_class322.jpg,201
000445_class062.jpg,47
000446_class366.jpg,366
000447_class360.jpg,149
000448_class043.jpg,299
000449_class094.jpg,130
000450_class028.jpg,267
000451_class046.jpg,310
000452_class211.jpg,62
000453_class311.jpg,16
000454_class216.jpg,44
000455_class123.jpg,245
000456_class103.jpg,359
000457_class338.jpg,171
000458_class301.jpg,186
000459_class005.jpg,195
000460_class263.jpg,115
000461_class082.jpg,258
000462_class230.jpg,315
000463_class134.jpg,134
000464_class227.jpg,48
000465_class391.jpg,323
000466_class024.jpg,234
000467_class281.jpg,335
000468_class316.jpg,136
000469_class343.jpg,3
000470_class048.jpg,192
000471_class124.jpg,23
000472_class111.jpg,151
000473_class276.jpg,45
000474_class265.jpg,276
000475_class143.jpg,142
000476_class195.jpg,130
000477_class083.jpg,126
000478_class390.jpg,111
000479_class365.jpg,384
000480_class247.jpg,155
000481_class062.jpg,47
000482_class000.jpg,242
000483_class030.jpg,137
000484_class069.jpg,77
000485_class358.jpg,82
000486_class307.jpg,364
000487_class220.jpg,96
000488_class056.jpg,130
000489_class065.jpg,121
000490_class291.jpg,349
000491_class352.jpg,352
000492_class124.jpg,96
000493_class073.jpg,82
000494_class179.jpg,178
000495_class333.jpg,30
000496_class344.jpg,364
000497_class349.jpg,330
000498_class297.jpg,298
000499_class376.jpg,235
000500_class228.jpg,288
000501_class380.jpg,280
000502_class286.jpg,166
000503_class019.jpg,331
000504_class271.jpg,38
000505_class071.jpg,2
000506_class171.jpg,319
000507_class078.jpg,78
000508_class367.jpg,388
000509_class174.jpg,270
000510_class044.jpg,62
000511_class087.jpg,358
000512_class028.jpg,334
000513_class090.jpg,34
000514_class316.jpg,59
000515_class208.jpg,192
000516_class020.jpg,176
000517_class035.jpg,276
000518_class369.jpg,214
000519_class260.jpg,265
000520_class146.jpg,337
000521_class010.jpg,5
000522_class144.jpg,144
000523_class219.jpg,145
000524_class372.jpg,372
000525_class098.jpg,366
000526_class231.jpg,153
000527_class286.jpg,122
000528_class316.jpg,161
000529_class062.jpg,78
000530_class044.jpg,171
000531_class387.jpg,387
000532_class245.jpg,245
000533_class306.jpg,366
000534_class053.jpg,78
000535_class027.jpg,195
000536_class212.jpg,212
000537_class181.jpg,310
000538_class359.jpg,140
000539_class105.jpg,122
000540_class274.jpg,274
000541_class260.jpg,395
000542_class167.jpg,38
000543_class082.jpg,54
000544_class211.jpg,154
000545_class068.jpg,294
000546_class133.jpg,249
000547_class100.jpg,320
000548_class287.jpg,240
000549_class072.jpg,156
000550_class180.jpg,309
000551_class117.jpg,203
000552_class324.jpg,324
000553_class262.jpg,262
000554_class241.jpg,84
000555_class299.jpg,373
000556_class007.jpg,241
000557_class213.jpg,396
000558_class387.jpg,254
000559_class261.jpg,160
000560_class303.jpg,149
000561_class225.jpg,385
000562_class117.jpg,194
000563_class196.jpg,196
000564_class336.jpg,20
000565_class214.jpg,166
000566_class032.jpg,32
000567_class292.jpg,331
000568_class158.jpg,150
000569_class171.jpg,338
000570_class263.jpg,184
000571_class088.jpg,77
000572_class108.jpg,295
000573_class266.jpg,304
000574_class337.jpg,337
000575_class341.jpg,285
000576_class006.jpg,366
000577_class296.jpg,160
000578_class344.jpg,187
000579_class391.jpg,110
000580_class109.jpg,275
000581_class309.jpg,14
000582_class270.jpg,149
000583_class040.jpg,184
000584_class309.jpg,224
000585_class369.jpg,78
000586_class101.jpg,5
000587_class168.jpg,44
000588_class289.jpg,289
000589_class076.jpg,195
000590_class096.jpg,212
000591_class039.jpg,237
000592_class025.jpg,31
000593_class125.jpg,125
000594_class066.jpg,83
000595_class114.jpg,156
000596_class059.jpg,59
000597_class049.jpg,79
000598_class280.jpg,380
000599_class227.jpg,227
000600_class317.jpg,319
000601_class080.jpg,23
000602_class144.jpg,78
000603_class204.jpg,134
000604_class030.jpg,55
000605_class226.jpg,289
000606_class014.jpg,14
000607_class049.jpg,214
000608_class354.jpg,84
000609_class109.jpg,393
000610_class003.jpg,238
000611_class217.jpg,225
000612_class172.jpg,322
000613_class131.jpg,165
000614_class349.jpg,184
000615_class102.jpg,152
000616_class102.jpg,46
000617_class299.jpg,149
000618_class009.jpg,241
000619_class187.jpg,191
000620_class363.jpg,44
000621_class305.jpg,263
000622_class223.jpg,223
000623_class366.jpg,366
000624_class341.jpg,341
000625_class192.jpg,188
000626_class139.jpg,369
000627_class243.jpg,85
000628_class219.jpg,158
000629_class088.jpg,290
000630_class286.jpg,131
000631_class106.jpg,105
000632_class393.jpg,267
000633_class213.jpg,396
000634_class144.jpg,136
000635_class221.jpg,275
000636_class198.jpg,198
000637_class340.jpg,239
000638_class064.jpg,172
000639_class264.jpg,264
000640_class281.jpg,335
000641_class342.jpg,342
000642_class391.jpg,358
000643_class070.jpg,59
000644_class227.jpg,195
000645_class220.jpg,48
000646_class086.jpg,83
000647_class111.jpg,389
000648_class367.jpg,367
000649_class296.jpg,160
000650_class215.jpg,7
000651_class201.jpg,201
000652_class335.jpg,335
000653_class265.jpg,265
000654_class267.jpg,256
000655_class084.jpg,9
000656_class283.jpg,283
000657_class019.jpg,309
000658_class293.jpg,184
000659_class081.jpg,33
000660_class129.jpg,129
000661_class047.jpg,105
000662_class387.jpg,387
000663_class182.jpg,4
000664_class251.jpg,47
000665_class166.jpg,150
000666_class330.jpg,140
000667_class327.jpg,319
000668_class303.jpg,294
000669_class001.jpg,1
000670_class154.jpg,37
000671_class339.jpg,55
000672_class357.jpg,32
000673_class334.jpg,78
000674_class371.jpg,343
000675_class163.jpg,163
000676_class293.jpg,331
000677_class059.jpg,59
000678_class127.jpg,340
000679_class322.jpg,199
000680_class311.jpg,301
000681_class095.jpg,95
000682_class209.jpg,378
000683_class233.jpg,233
000684_class108.jpg,271
000685_class276.jpg,204
000686_class083.jpg,136
000687_class108.jpg,52
000688_class375.jpg,309
000689_class023.jpg,171
000690_class211.jpg,198
000691_class009.jpg,99
000692_class393.jpg,360
000693_class065.jpg,226
000694_class013.jpg,374
000695_class196.jpg,387
000696_class335.jpg,289
000697_class006.jpg,391
000698_class009.jpg,343
000699_class312.jpg,41
000700_class073.jpg,344
000701_class262.jpg,262
000702_class078.jpg,78
000703_class119.jpg,119
000704_class379.jpg,291
000705_class240.jpg,85
000706_class087.jpg,245
000707_class008.jpg,335
000708_class091.jpg,247
000709_class063.jpg,184
000710_class036.jpg,36
000711_class384.jpg,384
000712_class084.jpg,84
000713_class052.jpg,162
000714_class087.jpg,342
000715_class145.jpg,249
000716_class194.jpg,62
000717_class260.jpg,260
000718_class047.jpg,47
000719_class101.jpg,97
000720_class024.jpg,24
000721_class275.jpg,212
000722_class134.jpg,246
000723_class052.jpg,162
000724_class048.jpg,15
000725_class250.jpg,82
000726_class133.jpg,251
000727_class100.jpg,264
000728_class188.jpg,372
000729_class067.jpg,277
000730_class270.jpg,270
000731_class183.jpg,365
000732_class261.jpg,261
000733_class123.jpg,33
000734_class373.jpg,149
000735_class329.jpg,329
000736_class035.jpg,54
000737_class084.jpg,99
000738_class237.jpg,237
000739_class237.jpg,326
000740_class175.jpg,262
000741_class233.jpg,128
000742_class352.jpg,49
000743_class049.jpg,369
000744_class340.jpg,265
000745_class028.jpg,367
000746_class294.jpg,294
000747_class159.jpg,57
000748_class149.jpg,37
000749_class069.jpg,0
000750_class037.jpg,42
000751_class385.jpg,385
000752_class289.jpg,44
000753_class376.jpg,152
000754_class135.jpg,310
000755_class281.jpg,335
000756_class241.jpg,283
000757_class083.jpg,83
000758_class189.jpg,189
000759_class148.jpg,269
000760_class212.jpg,5
000761_class028.jpg,388
000762_class349.jpg,40
000763_class351.jpg,190
000764_class135.jpg,369
000765_class248.jpg,289
000766_class260.jpg,162
000767_class160.jpg,366
000768_class033.jpg,171
000769_class359.jpg,124
000770_class390.jpg,390
000771_class129.jpg,136
000772_class096.jpg,173
000773_class120.jpg,120
000774_class322.jpg,391
000775_class321.jpg,342
000776_class279.jpg,153
000777_class116.jpg,214
000778_class039.jpg,63
000779_class071.jpg,116
000780_class027.jpg,352
000781_class057.jpg,114
000782_class128.jpg,337
000783_class112.jpg,302
000784_class119.jpg,86
000785_class291.jpg,149
000786_class210.jpg,275
000787_class197.jpg,197
000788_class387.jpg,310
000789_class283.jpg,283
000790_class388.jpg,165
000791_class052.jpg,74
000792_class003.jpg,62
000793_class009.jpg,354
000794_class019.jpg,19
000795_class107.jpg,315
000796_class266.jpg,337
000797_class048.jpg,380
000798_class326.jpg,287
000799_class088.jpg,129
000800_class159.jpg,161
000801_class315.jpg,367
000802_class003.jpg,327
000803_class354.jpg,31
000804_class047.jpg,47
000805_class387.jpg,387
000806_class098.jpg,368
000807_class292.jpg,218
000808_class297.jpg,214
000809_class017.jpg,238
000810_class217.jpg,217
000811_class389.jpg,389
000812_class388.jpg,192
000813_class162.jpg,149
000814_class063.jpg,224
000815_class144.jpg,144
000816_class293.jpg,293
000817_class060.jpg,60
000818_class189.jpg,197
000819_class117.jpg,232
000820_class203.jpg,172
000821_class036.jpg,36
000822_class134.jpg,233
000823_class334.jpg,259
000824_class081.jpg,34
000825_class240.jpg,158
000826_class077.jpg,217
000827_class040.jpg,379
000828_class116.jpg,195
000829_class366.jpg,366
000830_class264.jpg,264
000831_class193.jpg,154
000832_class270.jpg,181
000833_class137.jpg,249
000834_class049.jpg,41
000835_class057.jpg,162
000836_class315.jpg,150
000837_class190.jpg,176
000838_class013.jpg,145
000839_class061.jpg,140
000840_class375.jpg,217
000841_class235.jpg,284
000842_class349.jpg,184
000843_class055.jpg,55
000844_class065.jpg,65
000845_class098.jpg,245
000846_class287.jpg,191
000847_class367.jpg,214
000848_class190.jpg,165
000849_class137.jpg,388
000850_class301.jpg,277
000851_class350.jpg,323
000852_class360.jpg,299
000853_class213.jpg,214
000854_class017.jpg,214
000855_class123.jpg,88
000856_class153.jpg,358
000857_class143.jpg,1
000858_class031.jpg,148
000859_class279.jpg,395
000860_class065.jpg,65
000861_class206.jpg,367
000862_class044.jpg,124
000863_class045.jpg,18
000864_class165.jpg,96
000865_class252.jpg,391
000866_class080.jpg,80
000867_class269.jpg,94
000868_class210.jpg,136
000869_class204.jpg,102
000870_class394.jpg,140
000871_class258.jpg,258
000872_class255.jpg,227
000873_class122.jpg,396
000874_class129.jpg,374
000875_class166.jpg,26
000876_class288.jpg,34
000877_class081.jpg,81
000878_class171.jpg,273
000879_class311.jpg,311
000880_class071.jpg,359
000881_class323.jpg,323
000882_class333.jpg,351
000883_class389.jpg,183
000884_class292.jpg,182
000885_class278.jpg,272
000886_class360.jpg,19
000887_class048.jpg,133
000888_class094.jpg,84
000889_class354.jpg,354
000890_class386.jpg,364
000891_class227.jpg,17
000892_class061.jpg,165
000893_class003.jpg,162
000894_class089.jpg,333
000895_class186.jpg,130
000896_class291.jpg,231
000897_class074.jpg,120
000898_class386.jpg,386
000899_class319.jpg,247
000900_class011.jpg,141
000901_class303.jpg,57
000902_class071.jpg,71
000903_class355.jpg,283
000904_class142.jpg,143
000905_class319.jpg,264
000906_class311.jpg,234
000907_class226.jpg,226
000908_class393.jpg,136
000909_class204.jpg,310
000910_class180.jpg,195
000911_class318.jpg,318
000912_class333.jpg,84
000913_class046.jpg,46
000914_class080.jpg,352
000915_class017.jpg,372
000916_class362.jpg,362
000917_class211.jpg,92
000918_class277.jpg,171
000919_class111.jpg,111
000920_class050.jpg,289
000921_class205.jpg,41
000922_class137.jpg,165
000923_class351.jpg,351
000924_class097.jpg,16
000925_class007.jpg,246
000926_class275.jpg,374
000927_class223.jpg,23
000928_class310.jpg,254
000929_class140.jpg,140
000930_class059.jpg,59
000931_class304.jpg,62
000932_class215.jpg,160
000933_class337.jpg,246
000934_class084.jpg,84
000935_class359.jpg,171
000936_class196.jpg,14
000937_class292.jpg,42
000938_class214.jpg,213
000939_class026.jpg,34
000940_class198.jpg,198
000941_class194.jpg,70
000942_class064.jpg,59
000943_class018.jpg,157
000944_class276.jpg,180
000945_class379.jpg,149
000946_class042.jpg,42
000947_class280.jpg,255
000948_class315.jpg,374
000949_class396.jpg,369
000950_class300.jpg,227
000951_class079.jpg,79
000952_class238.jpg,301
000953_class160.jpg,395
000954_class187.jpg,116
000955_class264.jpg,264
000956_class086.jpg,84
000957_class367.jpg,367
000958_class225.jpg,225
000959_class243.jpg,349
000960_class395.jpg,271
000961_class099.jpg,99
000962_class068.jpg,234
000963_class266.jpg,241
000964_class209.jpg,281
000965_class163.jpg,74
000966_class047.jpg,122
000967_class210.jpg,62
000968_class104.jpg,186
000969_class155.jpg,143
000970_class000.jpg,82
000971_class091.jpg,156
000972_class072.jpg,19
000973_class230.jpg,7
000974_class108.jpg,209
000975_class183.jpg,52
000976_class202.jpg,257
000977_class291.jpg,40
000978_class184.jpg,184
000979_class029.jpg,301
000980_class184.jpg,181
000981_class030.jpg,30
000982_class254.jpg,310
000983_class100.jpg,100
000984_class011.jpg,111
000985_class356.jpg,223
000986_class095.jpg,358
000987_class388.jpg,124
000988_class365.jpg,365
000989_class198.jpg,198
000990_class241.jpg,99
000991_class295.jpg,295
000992_class238.jpg,354
000993_class185.jpg,377
000994_class215.jpg,7
000995_class179.jpg,88
000996_class165.jpg,165
000997_class293.jpg,14
000998_class208.jpg,339
000999_class278.jpg,153
001000_class125.jpg,367
001001_class365.jpg,364
001002_class111.jpg,157
001003_class020.jpg,312
001004_class273.jpg,273
001005_class098.jpg,366
001006_class018.jpg,23
001007_class321.jpg,291
001008_class083.jpg,86
001009_class063.jpg,191
001010_class157.jpg,183
001011_class260.jpg,363
001012_class123.jpg,202
001013_class122.jpg,105
001014_class284.jpg,185
001015_class127.jpg,127
001016_class351.jpg,56
001017_class257.jpg,141
001018_class213.jpg,130
001019_class261.jpg,92
001020_class058.jpg,78
001021_class196.jpg,197
001022_class317.jpg,130
001023_class019.jpg,149
001024_class342.jpg,342
001025_class049.jpg,369
001026_class168.jpg,217
001027_class214.jpg,214
001028_class280.jpg,51
001029_class347.jpg,39
001030_class227.jpg,89
001031_class070.jpg,194
001032_class217.jpg,217
001033_class191.jpg,267
001034_class032.jpg,271
001035_class089.jpg,238
001036_class142.jpg,248
001037_class112.jpg,112
001038_class255.jpg,236
001039_class312.jpg,312
001040_class311.jpg,157
001041_class321.jpg,321
001042_class241.jpg,32
001043_class023.jpg,294
001044_class348.jpg,304
001045_class081.jpg,266
001046_class067.jpg,277
001047_class226.jpg,289
001048_class151.jpg,174
001049_class382.jpg,153
001050_class377.jpg,377
001051_class201.jpg,201
001052_class055.jpg,298
001053_class143.jpg,143
001054_class299.jpg,281
001055_class099.jpg,99
001056_class363.jpg,163
001057_class025.jpg,337
001058_class187.jpg,154
001059_class204.jpg,204
001060_class247.jpg,173
001061_class073.jpg,85
001062_class020.jpg,367
001063_class389.jpg,389
001064_class204.jpg,204
001065_class230.jpg,213
001066_class219.jpg,79
001067_class086.jpg,83
001068_class326.jpg,250
001069_class247.jpg,66
001070_class236.jpg,236
001071_class248.jpg,171
001072_class098.jpg,366
001073_class319.jpg,289
001074_class303.jpg,270
001075_class130.jpg,130
001076_class032.jpg,162
001077_class108.jpg,264
001078_class172.jpg,318
001079_class196.jpg,328
001080_class178.jpg,285
001081_class285.jpg,285
001082_class062.jpg,144
001083_class178.jpg,13
001084_class091.jpg,369
001085_class277.jpg,246
001086_class081.jpg,339
001087_class037.jpg,309
001088_class149.jpg,149
001089_class042.jpg,42
001090_class201.jpg,120
001091_class039.jpg,39
001092_class273.jpg,150
001093_class290.jpg,84
001094_class089.jpg,97
001095_class054.jpg,239
001096_class186.jpg,125
001097_class072.jpg,124
001098_class010.jpg,171
001099_class041.jpg,41
001100_class252.jpg,344
001101_class377.jpg,377
001102_class178.jpg,234
001103_class231.jpg,231
001104_class101.jpg,280
001105_class385.jpg,385
001106_class092.jpg,59
001107_class292.jpg,292
001108_class226.jpg,38
001109_class280.jpg,220
001110_class345.jpg,282
001111_class153.jpg,176
001112_class109.jpg,246
001113_class146.jpg,79
001114_class072.jpg,80
001115_class070.jpg,88
001116_class288.jpg,367
001117_class383.jpg,164
001118_class028.jpg,153
001119_class364.jpg,3
001120_class315.jpg,41
001121_class071.jpg,220
001122_class352.jpg,352
001123_class272.jpg,337
001124_class192.jpg,388
001125_class251.jpg,251
001126_class231.jpg,283
001127_class032.jpg,32
001128_class074.jpg,54
001129_class241.jpg,352
001130_class085.jpg,242
001131_class129.jpg,335
001132_class359.jpg,186
001133_class175.jpg,175
001134_class071.jpg,255
001135_class142.jpg,301
001136_class292.jpg,151
001137_class099.jpg,99
001138_class165.jpg,337
001139_class219.jpg,219
001140_class049.jpg,214
001141_class085.jpg,95
001142_class191.jpg,191
001143_class076.jpg,76
001144_class395.jpg,156
001145_class354.jpg,318
001146_class239.jpg,149
001147_class325.jpg,254
001148_class351.jpg,351
001149_class332.jpg,63
001150_class093.jpg,298
001151_class022.jpg,351
001152_class292.jpg,391
001153_class118.jpg,118
001154_class059.jpg,59
001155_class095.jpg,257
001156_class305.jpg,204
001157_class177.jpg,238
001158_class352.jpg,352
001159_class060.jpg,25
001160_class099.jpg,84
001161_class231.jpg,141
001162_class218.jpg,180
001163_class056.jpg,301
001164_class263.jpg,76
001165_class235.jpg,235
001166_class115.jpg,115
001167_class387.jpg,387
001168_class015.jpg,195
001169_class308.jpg,217
001170_class258.jpg,224
001171_class392.jpg,83
001172_class368.jpg,368
001173_class048.jpg,48
001174_class059.jpg,58
001175_class045.jpg,76
001176_class272.jpg,379
001177_class152.jpg,152
001178_class387.jpg,152
001179_class189.jpg,325
001180_class077.jpg,368
001181_class157.jpg,157
001182_class228.jpg,51
001183_class164.jpg,156
001184_class220.jpg,107
001185_class032.jpg,340
001186_class121.jpg,136
001187_class156.jpg,75
001188_class056.jpg,61
001189_class071.jpg,212
001190_class276.jpg,163
001191_class201.jpg,125
001192_class029.jpg,129
001193_class393.jpg,289
001194_class181.jpg,152
001195_class009.jpg,17
001196_class121.jpg,348
001197_class372.jpg,125
001198_class090.jpg,289
001199_class344.jpg,238
001200_class277.jpg,289
001201_class197.jpg,197
001202_class271.jpg,169
001203_class013.jpg,136
001204_class316.jpg,316
001205_class272.jpg,172
001206_class213.jpg,133
001207_class253.jpg,386
001208_class038.jpg,83
001209_class164.jpg,40
001210_class225.jpg,253
001211_class385.jpg,385
001212_class302.jpg,234
001213_class381.jpg,198
001214_class120.jpg,120
001215_class136.jpg,59
001216_class293.jpg,293
001217_class318.jpg,172
001218_class319.jpg,289
001219_class276.jpg,161
001220_class395.jpg,265
001221_class340.jpg,296
001222_class221.jpg,221
001223_class276.jpg,68
001224_class163.jpg,127
001225_class227.jpg,166
001226_class053.jpg,232
001227_class206.jpg,367
001228_class343.jpg,289
001229_class352.jpg,84
001230_class186.jpg,171
001231_class396.jpg,49
001232_class333.jpg,352
001233_class325.jpg,325
001234_class314.jpg,364
001235_class172.jpg,128
001236_class259.jpg,78
001237_class215.jpg,379
001238_class178.jpg,348
001239_class069.jpg,69
001240_class105.jpg,122
001241_class007.jpg,320
001242_class335.jpg,124
001243_class039.jpg,39
001244_class246.jpg,351
001245_class297.jpg,228
001246_class351.jpg,351
001247_class306.jpg,24
001248_class306.jpg,0
001249_class393.jpg,44
001250_class000.jpg,82
001251_class184.jpg,390
001252_class119.jpg,235
001253_class290.jpg,364
001254_class015.jpg,94
001255_class214.jpg,214
001256_class264.jpg,145
001257_class314.jpg,77
001258_class151.jpg,151
001259_class030.jpg,285
001260_class224.jpg,224
001261_class305.jpg,43
001262_class358.jpg,242
001263_class259.jpg,96
001264_class324.jpg,321
001265_class062.jpg,146
001266_class095.jpg,257
001267_class015.jpg,143
001268_class317.jpg,171
001269_class262.jpg,262
001270_class137.jpg,171
001271_class078.jpg,78
001272_class165.jpg,192
001273_class044.jpg,44
001274_class260.jpg,162
001275_class245.jpg,366
001276_class122.jpg,367
001277_class165.jpg,213
001278_class197.jpg,197
001279_class061.jpg,5
001280_class038.jpg,354
001281_class116.jpg,165
001282_class238.jpg,45
001283_class162.jpg,162
001284_class172.jpg,172
001285_class128.jpg,343
001286_class155.jpg,104
001287_class381.jpg,338
001288_class089.jpg,137
001289_class106.jpg,158
001290_class075.jpg,75
001291_class331.jpg,285
001292_class239.jpg,290
001293_class200.jpg,200
001294_class093.jpg,131
001295_class244.jpg,254
001296_class049.jpg,131
001297_class190.jpg,298
001298_class008.jpg,267
001299_class157.jpg,370
001300_class244.jpg,366
001301_class311.jpg,311
001302_class339.jpg,34
001303_class027.jpg,195
001304_class035.jpg,253
001305_class355.jpg,188
001306_class342.jpg,342
001307_class081.jpg,5
001308_class178.jpg,155
001309_class028.jpg,210
001310_class054.jpg,26
001311_class090.jpg,280
001312_class086.jpg,294
001313_class089.jpg,79
001314_class378.jpg,13
001315_class379.jpg,291
001316_class192.jpg,396
001317_class361.jpg,335
001318_class379.jpg,225
001319_class058.jpg,213
001320_class320.jpg,329
001321_class082.jpg,344
001322_class344.jpg,344
001323_class233.jpg,128
001324_class278.jpg,222
001325_class264.jpg,264
001326_class270.jpg,111
001327_class282.jpg,107
001328_class179.jpg,169
001329_class052.jpg,29
001330_class296.jpg,296
001331_class133.jpg,186
001332_class324.jpg,184
001333_class201.jpg,250
001334_class210.jpg,153
001335_class316.jpg,136
001336_class343.jpg,158
001337_class234.jpg,158
001338_class262.jpg,242
001339_class156.jpg,271
001340_class216.jpg,181
001341_class217.jpg,217
001342_class375.jpg,88
001343_class323.jpg,323
001344_class010.jpg,134
001345_class039.jpg,225
001346_class195.jpg,93
001347_class012.jpg,222
001348_class139.jpg,110
001349_class250.jpg,368
001350_class012.jpg,115
001351_class264.jpg,264
001352_class223.jpg,223
001353_class191.jpg,191
001354_class291.jpg,265
001355_class117.jpg,237
001356_class210.jpg,176
001357_class375.jpg,323
001358_class102.jpg,102
001359_class365.jpg,92
001360_class115.jpg,129
001361_class387.jpg,387
001362_class132.jpg,289
001363_class095.jpg,391
001364_class006.jpg,23
001365_class109.jpg,286
001366_class129.jpg,222
001367_class061.jpg,124
001368_class352.jpg,285
001369_class275.jpg,188
001370_class162.jpg,363
001371_class379.jpg,265
001372_class208.jpg,34
001373_class155.jpg,269
001374_class269.jpg,280
001375_class207.jpg,153
001376_class047.jpg,238
001377_class289.jpg,166
001378_class035.jpg,391
001379_class078.jpg,367
001380_class038.jpg,132
001381_class210.jpg,59
001382_class269.jpg,84
001383_class334.jpg,78
001384_class298.jpg,380
001385_class200.jpg,10
001386_class293.jpg,249
001387_class041.jpg,367
001388_class109.jpg,33
001389_class313.jpg,193
001390_class213.jpg,227
001391_class159.jpg,296
001392_class324.jpg,201
001393_class346.jpg,262
001394_class282.jpg,234
001395_class136.jpg,274
001396_class156.jpg,98
001397_class334.jpg,219
001398_class167.jpg,330
001399_class248.jpg,62
001400_class155.jpg,142
001401_class355.jpg,279
001402_class139.jpg,139
001403_class180.jpg,229
001404_class000.jpg,100
001405_class127.jpg,127
001406_class064.jpg,388
001407_class140.jpg,213
001408_class181.jpg,149
001409_class317.jpg,18
001410_class104.jpg,62
001411_class072.jpg,365
001412_class107.jpg,280
001413_class262.jpg,262
001414_class306.jpg,306
001415_class349.jpg,40
001416_class328.jpg,328
001417_class107.jpg,396
001418_class379.jpg,379
001419_class269.jpg,186
001420_class322.jpg,191
001421_class061.jpg,61
001422_class318.jpg,264
001423_class324.jpg,324
001424_class003.jpg,238
001425_class097.jpg,255
001426_class314.jpg,254
001427_class216.jpg,284
001428_class183.jpg,183
001429_class373.jpg,149
001430_class067.jpg,226
001431_class385.jpg,385
001432_class095.jpg,68
001433_class115.jpg,326
001434_class218.jpg,218
001435_class160.jpg,340
001436_class329.jpg,329
001437_class370.jpg,311
001438_class252.jpg,252
001439_class135.jpg,135
001440_class115.jpg,115
001441_class396.jpg,212
001442_class350.jpg,311
001443_class224.jpg,184
001444_class104.jpg,150
001445_class341.jpg,249
001446_class392.jpg,83
001447_class021.jpg,207
001448_class327.jpg,281
001449_class259.jpg,137
001450_class350.jpg,61
001451_class080.jpg,233
001452_class150.jpg,173
001453_class381.jpg,140
001454_class181.jpg,19
001455_class011.jpg,263
001456_class388.jpg,142
001457_class225.jpg,110
001458_class281.jpg,8
001459_class041.jpg,188
001460_class184.jpg,184
001461_class140.jpg,140
001462_class311.jpg,205
001463_class071.jpg,106
001464_class093.jpg,380
001465_class006.jpg,233
001466_class343.jpg,129
001467_class126.jpg,368
001468_class031.jpg,116
001469_class284.jpg,284
001470_class227.jpg,55
001471_class374.jpg,177
001472_class374.jpg,374
001473_class337.jpg,304
001474_class172.jpg,269
001475_class107.jpg,208
001476_class113.jpg,315
001477_class253.jpg,170
001478_class394.jpg,168
001479_class098.jpg,159
001480_class113.jpg,288
001481_class101.jpg,78
001482_class081.jpg,233
001483_class106.jpg,96
001484_class141.jpg,199
001485_class343.jpg,274
001486_class159.jpg,160
001487_class169.jpg,272
001488_class108.jpg,242
001489_class222.jpg,115
001490_class132.jpg,132
001491_class048.jpg,214
001492_class207.jpg,1
001493_class087.jpg,276
001494_class070.jpg,118
001495_class074.jpg,184
001496_class010.jpg,10
001497_class152.jpg,152
001498_class393.jpg,393
001499_class285.jpg,66
001500_class067.jpg,221
001501_class001.jpg,71
001502_class378.jpg,233
001503_class286.jpg,166
001504_class053.jpg,60
001505_class359.jpg,158
001506_class071.jpg,71
001507_class318.jpg,172
001508_class351.jpg,186
001509_class212.jpg,140
001510_class393.jpg,140
001511_class262.jpg,346
001512_class259.jpg,23
001513_class147.jpg,80
001514_class387.jpg,387
001515_class343.jpg,228
001516_class256.jpg,191
001517_class383.jpg,387
001518_class096.jpg,173
001519_class009.jpg,193
001520_class029.jpg,38
001521_class274.jpg,274
001522_class339.jpg,280
001523_class166.jpg,133
001524_class101.jpg,45
001525_class050.jpg,213
001526_class259.jpg,186
001527_class209.jpg,209
001528_class249.jpg,172
001529_class061.jpg,137
001530_class173.jpg,145
001531_class047.jpg,212
001532_class099.jpg,21
001533_class396.jpg,16
001534_class190.jpg,192
001535_class095.jpg,172
001536_class080.jpg,80
001537_class255.jpg,186
001538_class013.jpg,7
001539_class070.jpg,172
001540_class341.jpg,154
001541_class305.jpg,183
001542_class037.jpg,174
001543_class156.jpg,194
001544_class107.jpg,269
001545_class373.jpg,368
001546_class315.jpg,274
001547_class020.jpg,79
001548_class258.jpg,258
001549_class207.jpg,207
001550_class053.jpg,118
001551_class211.jpg,256
001552_class035.jpg,357
001553_class055.jpg,353
001554_class256.jpg,7
001555_class255.jpg,137
001556_class159.jpg,161
001557_class164.jpg,362
001558_class201.jpg,197
001559_class082.jpg,182
001560_class216.jpg,332
001561_class127.jpg,127
001562_class099.jpg,385
001563_class384.jpg,385
001564_class050.jpg,212
001565_class026.jpg,79
001566_class378.jpg,329
001567_class133.jpg,18
001568_class303.jpg,24
001569_class053.jpg,55
001570_class317.jpg,25
001571_class033.jpg,195
001572_class231.jpg,95
001573_class002.jpg,362
001574_class128.jpg,301
001575_class389.jpg,389
001576_class392.jpg,89
001577_class213.jpg,47
001578_class115.jpg,172
001579_class037.jpg,112
001580_class307.jpg,245
001581_class309.jpg,309
001582_class153.jpg,3
001583_class337.jpg,337
001584_class035.jpg,118
001585_class007.jpg,318
001586_class056.jpg,238
001587_class285.jpg,166
001588_class149.jpg,291
001589_class261.jpg,313
001590_class158.jpg,44
001591_class394.jpg,124
001592_class215.jpg,120
001593_class355.jpg,323
001594_class159.jpg,159
001595_class332.jpg,332
001596_class309.jpg,309
001597_class310.jpg,310
001598_class358.jpg,306
001599_class239.jpg,43
001600_class094.jpg,343
001601_class141.jpg,344
001602_class312.jpg,312
001603_class049.jpg,165
001604_class184.jpg,310
001605_class140.jpg,352
001606_class393.jpg,55
001607_class302.jpg,195
001608_class261.jpg,136
001609_class243.jpg,129
001610_class366.jpg,86
001611_class055.jpg,173
001612_class090.jpg,288
001613_class232.jpg,232
001614_class059.jpg,59
001615_class328.jpg,324
001616_class087.jpg,153
001617_class225.jpg,225
001618_class341.jpg,367
001619_class041.jpg,388
001620_class019.jpg,149
001621_class140.jpg,273
001622_class108.jpg,225
001623_class123.jpg,78
001624_class337.jpg,337
001625_class268.jpg,169
001626_class309.jpg,181
001627_class363.jpg,363
001628_class291.jpg,283
001629_class196.jpg,196
001630_class116.jpg,396
001631_class018.jpg,234
001632_class331.jpg,331
001633_class224.jpg,224
001634_class135.jpg,190
001635_class118.jpg,290
001636_class276.jpg,127
001637_class281.jpg,191
001638_class102.jpg,102
001639_class388.jpg,388
001640_class017.jpg,388
001641_class274.jpg,274
001642_class165.jpg,227
001643_class309.jpg,60
001644_class147.jpg,16
001645_class085.jpg,252
001646_class327.jpg,375
001647_class366.jpg,366
001648_class393.jpg,108
001649_class149.jpg,19
001650_class260.jpg,57
001651_class046.jpg,46
001652_class389.jpg,72
001653_class142.jpg,142
001654_class165.jpg,165
001655_class340.jpg,157
001656_class104.jpg,228
001657_class222.jpg,141
001658_class067.jpg,369
001659_class362.jpg,362
001660_class136.jpg,142
001661_class023.jpg,233
001662_class121.jpg,331
001663_class209.jpg,82
001664_class301.jpg,128
001665_class126.jpg,126
001666_class140.jpg,133
001667_class042.jpg,42
001668_class360.jpg,386
001669_class027.jpg,34
001670_class192.jpg,192
001671_class008.jpg,231
001672_class026.jpg,79
001673_class152.jpg,270
001674_class277.jpg,353
001675_class246.jpg,22
001676_class262.jpg,262
001677_class349.jpg,14
001678_class193.jpg,170
001679_class017.jpg,5
001680_class362.jpg,362
001681_class172.jpg,129
001682_class115.jpg,14
001683_class229.jpg,229
001684_class379.jpg,379
001685_class053.jpg,79
001686_class274.jpg,104
001687_class346.jpg,388
001688_class189.jpg,46
001689_class059.jpg,59
001690_class294.jpg,283
001691_class336.jpg,336
001692_class066.jpg,86
001693_class006.jpg,170
001694_class311.jpg,283
001695_class061.jpg,298
001696_class132.jpg,104
001697_class182.jpg,182
001698_class282.jpg,145
001699_class113.jpg,113
001700_class229.jpg,229
001701_class240.jpg,267
001702_class360.jpg,349
001703_class236.jpg,329
001704_class280.jpg,93
001705_class070.jpg,237
001706_class302.jpg,157
001707_class347.jpg,88
001708_class110.jpg,347
001709_class228.jpg,191
001710_class246.jpg,246
001711_class069.jpg,377
001712_class384.jpg,385
001713_class353.jpg,145
001714_class291.jpg,291
001715_class053.jpg,242
001716_class051.jpg,51
001717_class229.jpg,229
001718_class306.jpg,306
001719_class122.jpg,255
001720_class162.jpg,162
001721_class261.jpg,330
001722_class196.jpg,323
001723_class097.jpg,125
001724_class390.jpg,390
001725_class366.jpg,366
001726_class378.jpg,378
001727_class360.jpg,268
001728_class131.jpg,396
001729_class246.jpg,136
001730_class112.jpg,127
001731_class185.jpg,152
001732_class079.jpg,79
001733_class319.jpg,64
001734_class084.jpg,27
001735_class099.jpg,241
001736_class286.jpg,249
001737_class263.jpg,253
001738_class371.jpg,277
001739_class179.jpg,198
001740_class145.jpg,289
001741_class355.jpg,222
001742_class239.jpg,313
001743_class355.jpg,318
001744_class010.jpg,10
001745_class134.jpg,134
001746_class119.jpg,235
001747_class308.jpg,308
001748_class135.jpg,224
001749_class293.jpg,309
001750_class326.jpg,120
001751_class016.jpg,45
001752_class078.jpg,79
001753_class225.jpg,225
001754_class177.jpg,109
001755_class029.jpg,29
001756_class069.jpg,368
001757_class102.jpg,196
001758_class331.jpg,332
001759_class025.jpg,25
001760_class073.jpg,281
001761_class032.jpg,32
001762_class095.jpg,82
001763_class260.jpg,24
001764_class093.jpg,227
001765_class167.jpg,171
001766_class349.jpg,344
001767_class382.jpg,206
001768_class278.jpg,222
001769_class176.jpg,176
001770_class107.jpg,380
001771_class251.jpg,396
001772_class309.jpg,278
001773_class372.jpg,372
001774_class266.jpg,266
001775_class345.jpg,388
001776_class378.jpg,378
001777_class234.jpg,34
001778_class053.jpg,78
001779_class374.jpg,248
001780_class031.jpg,31
001781_class217.jpg,366
001782_class246.jpg,246
001783_class326.jpg,8
001784_class151.jpg,151
001785_class396.jpg,213
001786_class034.jpg,285
001787_class146.jpg,79
001788_class267.jpg,267
001789_class109.jpg,248
001790_class063.jpg,54
001791_class179.jpg,242
001792_class157.jpg,157
001793_class219.jpg,130
001794_class125.jpg,171
001795_class260.jpg,260
001796_class064.jpg,28
001797_class083.jpg,83
001798_class369.jpg,79
001799_class299.jpg,242
001800_class174.jpg,37
001801_class257.jpg,153
001802_class178.jpg,31
001803_class314.jpg,69
001804_class043.jpg,224
001805_class317.jpg,80
001806_class252.jpg,240
001807_class185.jpg,245
001808_class080.jpg,172
001809_class347.jpg,124
001810_class312.jpg,312
001811_class384.jpg,384
001812_class194.jpg,194
001813_class226.jpg,1
001814_class141.jpg,299
001815_class013.jpg,13
001816_class301.jpg,137
001817_class319.jpg,319
001818_class094.jpg,298
001819_class103.jpg,45
001820_class311.jpg,311
001821_class121.jpg,124
001822_class163.jpg,163
001823_class042.jpg,42
001824_class152.jpg,379
001825_class223.jpg,5
001826_class171.jpg,55
001827_class392.jpg,393
001828_class272.jpg,37
001829_class249.jpg,150
001830_class088.jpg,252
001831_class321.jpg,14
001832_class339.jpg,27
001833_class081.jpg,81
001834_class066.jpg,84
001835_class262.jpg,262
001836_class001.jpg,67
001837_class012.jpg,88
001838_class190.jpg,66
001839_class014.jpg,268
001840_class369.jpg,79
001841_class136.jpg,142
001842_class125.jpg,50
001843_class235.jpg,376
001844_class100.jpg,113
001845_class036.jpg,118
001846_class106.jpg,34
001847_class208.jpg,68
001848_class326.jpg,391
001849_class316.jpg,316
001850_class384.jpg,119
001851_class013.jpg,213
001852_class383.jpg,385
001853_class378.jpg,145
001854_class259.jpg,280
001855_class237.jpg,83
001856_class186.jpg,18
001857_class147.jpg,209
001858_class060.jpg,338
001859_class297.jpg,56
001860_class220.jpg,380
001861_class333.jpg,333
001862_class306.jpg,306
001863_class061.jpg,378
001864_class204.jpg,204
001865_class153.jpg,79
001866_class163.jpg,163
001867_class152.jpg,19
001868_class151.jpg,151
001869_class308.jpg,77
001870_class253.jpg,44
001871_class371.jpg,115
001872_class083.jpg,320
001873_class175.jpg,376
001874_class048.jpg,220
001875_class038.jpg,166
001876_class241.jpg,71
001877_class074.jpg,229
001878_class042.jpg,246
001879_class242.jpg,257
001880_class386.jpg,181
001881_class127.jpg,217
001882_class033.jpg,125
001883_class227.jpg,208
001884_class197.jpg,200
001885_class395.jpg,395
001886_class026.jpg,298
001887_class302.jpg,238
001888_class253.jpg,52
001889_class073.jpg,141
001890_class006.jpg,115
001891_class121.jpg,257
001892_class025.jpg,329
001893_class170.jpg,234
001894_class144.jpg,79
001895_class329.jpg,246
001896_class144.jpg,144
001897_class155.jpg,298
001898_class185.jpg,185
001899_class388.jpg,388
001900_class136.jpg,59
001901_class378.jpg,220
001902_class033.jpg,125
001903_class061.jpg,208
001904_class093.jpg,93
001905_class225.jpg,390
001906_class335.jpg,184
001907_class120.jpg,201
001908_class336.jpg,289
001909_class112.jpg,185
001910_class360.jpg,37
001911_class064.jpg,172
001912_class302.jpg,289
001913_class180.jpg,224
001914_class093.jpg,47
001915_class375.jpg,323
001916_class185.jpg,377
001917_class280.jpg,367
001918_class255.jpg,186
001919_class006.jpg,223
001920_class348.jpg,348
001921_class262.jpg,281
001922_class160.jpg,160
001923_class137.jpg,290
001924_class387.jpg,387
001925_class178.jpg,23
001926_class209.jpg,14
001927_class355.jpg,136
001928_class053.jpg,53
001929_class112.jpg,40
001930_class037.jpg,149
001931_class249.jpg,148
001932_class317.jpg,374
001933_class370.jpg,370
001934_class027.jpg,294
001935_class090.jpg,171
001936_class081.jpg,195
001937_class342.jpg,299
001938_class153.jpg,289
001939_class228.jpg,166
001940_class219.jpg,117
001941_class158.jpg,171
001942_class251.jpg,396
001943_class393.jpg,290
001944_class290.jpg,27
001945_class355.jpg,36
001946_class296.jpg,185
001947_class325.jpg,390
001948_class051.jpg,96
001949_class300.jpg,283
001950_class096.jpg,116
001951_class235.jpg,235
001952_class394.jpg,79
001953_class358.jpg,64
001954_class028.jpg,274
001955_class124.jpg,157
001956_class186.jpg,249
001957_class333.jpg,234
001958_class387.jpg,387
001959_class242.jpg,293
001960_class032.jpg,32
001961_class201.jpg,201
001962_class304.jpg,304
001963_class192.jpg,192
001964_class217.jpg,157
001965_class378.jpg,378
001966_class197.jpg,197
001967_class111.jpg,159
001968_class073.jpg,364
001969_class023.jpg,79
001970_class098.jpg,324
001971_class147.jpg,280
001972_class135.jpg,29
001973_class115.jpg,170
001974_class142.jpg,142
001975_class263.jpg,115
001976_class013.jpg,330
001977_class278.jpg,278
001978_class277.jpg,62
001979_class174.jpg,342
001980_class049.jpg,49
001981_class339.jpg,274
001982_class187.jpg,332
001983_class054.jpg,135
001984_class199.jpg,112
001985_class390.jpg,390
001986_class285.jpg,380
001987_class184.jpg,244
001988_class177.jpg,45
001989_class340.jpg,74
001990_class331.jpg,332
001991_class193.jpg,242
001992_class133.jpg,275
001993_class032.jpg,161
001994_class331.jpg,351
001995_class058.jpg,59
001996_class340.jpg,340
001997_class188.jpg,220
001998_class094.jpg,134
001999_class336.jpg,84
002000_class022.jpg,392
002001_class163.jpg,74
002002_class099.jpg,99
002003_class243.jpg,203
002004_class252.jpg,91
002005_class241.jpg,66
002006_class284.jpg,43
002007_class127.jpg,363
002008_class046.jpg,151
002009_class241.jpg,9
002010_class336.jpg,62
002011_class174.jpg,379
002012_class214.jpg,214
002013_class027.jpg,238
002014_class308.jpg,59
002015_class147.jpg,147
002016_class215.jpg,319
002017_class182.jpg,184
002018_class131.jpg,131
002019_class153.jpg,229
002020_class364.jpg,364
002021_class127.jpg,127
002022_class016.jpg,16
002023_class160.jpg,385
002024_class298.jpg,380
002025_class013.jpg,133
002026_class345.jpg,316
002027_class370.jpg,114
002028_class166.jpg,289
002029_class159.jpg,74
002030_class306.jpg,306
002031_class227.jpg,380
002032_class307.jpg,307
002033_class256.jpg,231
002034_class010.jpg,78
002035_class205.jpg,48
002036_class343.jpg,352
002037_class374.jpg,130
002038_class179.jpg,154
002039_class226.jpg,277
002040_class112.jpg,279
002041_class093.jpg,125
002042_class054.jpg,170
002043_class304.jpg,304
002044_class238.jpg,238
002045_class285.jpg,285
002046_class091.jpg,330
002047_class141.jpg,76
002048_class288.jpg,288
002049_class042.jpg,236
002050_class112.jpg,321
002051_class331.jpg,268
002052_class302.jpg,5
002053_class083.jpg,83
002054_class095.jpg,344
002055_class353.jpg,124
002056_class319.jpg,374
002057_class201.jpg,392
002058_class136.jpg,312
002059_class111.jpg,270
002060_class280.jpg,266
002061_class221.jpg,318
002062_class146.jpg,354
002063_class395.jpg,379
002064_class382.jpg,258
002065_class166.jpg,280
002066_class015.jpg,15
002067_class008.jpg,8
002068_class357.jpg,103
002069_class156.jpg,156
002070_class024.jpg,179
002071_class212.jpg,228
002072_class085.jpg,85
002073_class034.jpg,34
002074_class299.jpg,182
002075_class007.jpg,113
002076_class349.jpg,42
002077_class181.jpg,126
002078_class138.jpg,138
002079_class195.jpg,195
002080_class014.jpg,301
002081_class053.jpg,109
002082_class300.jpg,158
002083_class118.jpg,136
002084_class292.jpg,18
002085_class076.jpg,55
002086_class105.jpg,105
002087_class114.jpg,331
002088_class268.jpg,229
002089_class196.jpg,254
002090_class201.jpg,120
002091_class375.jpg,375
002092_class058.jpg,58
002093_class249.jpg,249
002094_class133.jpg,130
002095_class301.jpg,45
002096_class170.jpg,335
002097_class164.jpg,383
002098_class072.jpg,189
002099_class328.jpg,126
002100_class030.jpg,30
002101_class012.jpg,164
002102_class137.jpg,166
002103_class263.jpg,115
002104_class076.jpg,372
002105_class182.jpg,14
002106_class205.jpg,131
002107_class216.jpg,216
002108_class239.jpg,74
002109_class313.jpg,203
002110_class222.jpg,154
002111_class027.jpg,27
002112_class288.jpg,288
002113_class075.jpg,335
002114_class055.jpg,76
002115_class351.jpg,27
002116_class047.jpg,212
002117_class234.jpg,283
002118_class001.jpg,1
002119_class378.jpg,332
002120_class261.jpg,247
002121_class242.jpg,85
002122_class205.jpg,367
002123_class003.jpg,84
002124_class159.jpg,162
002125_class196.jpg,120
002126_class082.jpg,288
002127_class245.jpg,368
002128_class193.jpg,193
002129_class161.jpg,162
002130_class252.jpg,176
002131_class132.jpg,372
002132_class087.jpg,364
002133_class101.jpg,212
002134_class318.jpg,140
002135_class065.jpg,114
002136_class241.jpg,241
002137_class266.jpg,266
002138_class160.jpg,160
002139_class354.jpg,354
002140_class072.jpg,395
002141_class289.jpg,44
002142_class121.jpg,121
002143_class251.jpg,259
002144_class127.jpg,152
002145_class193.jpg,190
002146_class073.jpg,164
002147_class224.jpg,342
002148_class138.jpg,120
002149_class276.jpg,170
002150_class040.jpg,265
002151_class089.jpg,128
002152_class331.jpg,335
002153_class360.jpg,360
002154_class073.jpg,57
002155_class223.jpg,172
002156_class132.jpg,289
002157_class130.jpg,280
002158_class274.jpg,176
002159_class325.jpg,325
002160_class330.jpg,34
002161_class021.jpg,337
002162_class088.jpg,194
002163_class210.jpg,210
002164_class174.jpg,198
002165_class329.jpg,329
002166_class040.jpg,379
002167_class266.jpg,266
002168_class214.jpg,41
002169_class345.jpg,34
002170_class375.jpg,375
002171_class345.jpg,101
002172_class296.jpg,296
002173_class112.jpg,183
002174_class199.jpg,199
002175_class336.jpg,99
002176_class356.jpg,184
002177_class082.jpg,335
002178_class349.jpg,199
002179_class010.jpg,246
002180_class257.jpg,242
002181_class350.jpg,307
002182_class254.jpg,254
002183_class393.jpg,290
002184_class194.jpg,194
002185_class262.jpg,324
002186_class292.jpg,111
002187_class176.jpg,232
002188_class055.jpg,171
002189_class144.jpg,124
002190_class332.jpg,332
002191_class349.jpg,40
002192_class289.jpg,289
002193_class307.jpg,321
002194_class022.jpg,285
002195_class002.jpg,2
002196_class127.jpg,77
002197_class068.jpg,148
002198_class088.jpg,290
002199_class167.jpg,285
002200_class355.jpg,129
002201_class052.jpg,102
002202_class289.jpg,283
002203_class281.jpg,281
002204_class013.jpg,136
002205_class380.jpg,380
002206_class142.jpg,143
002207_class385.jpg,385
002208_class219.jpg,145
002209_class381.jpg,140
002210_class317.jpg,275
002211_class240.jpg,231
002212_class330.jpg,132
002213_class357.jpg,163
002214_class212.jpg,80
002215_class040.jpg,161
002216_class247.jpg,150
002217_class234.jpg,45
002218_class274.jpg,198
002219_class209.jpg,308
002220_class304.jpg,304
002221_class162.jpg,161
002222_class210.jpg,330
002223_class181.jpg,152
002224_class370.jpg,183
002225_class396.jpg,89
002226_class021.jpg,78
002227_class006.jpg,180
002228_class072.jpg,141
002229_class090.jpg,208
002230_class283.jpg,67
002231_class328.jpg,201
002232_class201.jpg,201
002233_class245.jpg,323
002234_class341.jpg,80
002235_class153.jpg,264
002236_class132.jpg,128
002237_class221.jpg,55
002238_class236.jpg,236
002239_class245.jpg,366
002240_class009.jpg,9
002241_class203.jpg,221
002242_class053.jpg,145
002243_class066.jpg,205
002244_class190.jpg,120
002245_class190.jpg,388
002246_class343.jpg,269
002247_class369.jpg,131
002248_class181.jpg,270
002249_class220.jpg,48
002250_class042.jpg,91
002251_class381.jpg,233
002252_class304.jpg,304
002253_class136.jpg,118
002254_class245.jpg,245
002255_class255.jpg,255
002256_class332.jpg,331
002257_class001.jpg,374
002258_class048.jpg,192
002259_class103.jpg,103
002260_class006.jpg,16
002261_class353.jpg,62
002262_class342.jpg,349
002263_class178.jpg,179
002264_class320.jpg,320
002265_class287.jpg,338
002266_class287.jpg,43
002267_class192.jpg,192
002268_class287.jpg,202
002269_class391.jpg,390
002270_class352.jpg,351
002271_class281.jpg,133
002272_class083.jpg,143
002273_class008.jpg,326
002274_class046.jpg,254
002275_class212.jpg,212
002276_class223.jpg,172
002277_class345.jpg,130
002278_class169.jpg,129
002279_class093.jpg,274
002280_class033.jpg,33
002281_class301.jpg,338
002282_class281.jpg,342
002283_class049.jpg,78
002284_class173.jpg,171
002285_class011.jpg,252
002286_class157.jpg,234
002287_class070.jpg,70
002288_class250.jpg,202
002289_class277.jpg,255
002290_class325.jpg,325
002291_class307.jpg,156
002292_class207.jpg,172
002293_class021.jpg,21
002294_class371.jpg,128
002295_class230.jpg,230
002296_class005.jpg,5
002297_class210.jpg,100
002298_class070.jpg,70
002299_class318.jpg,346
002300_class314.jpg,365
002301_class167.jpg,214
002302_class210.jpg,224
002303_class176.jpg,383
002304_class199.jpg,199
002305_class357.jpg,189
002306_class240.jpg,170
002307_class173.jpg,269
002308_class396.jpg,186
002309_class224.jpg,224
002310_class186.jpg,188
002311_class076.jpg,76
002312_class284.jpg,365
002313_class186.jpg,47
002314_class181.jpg,185
002315_class270.jpg,265
002316_class060.jpg,236
002317_class282.jpg,62
002318_class222.jpg,224
002319_class242.jpg,358
002320_class027.jpg,80
002321_class222.jpg,222
002322_class221.jpg,103
002323_class333.jpg,332
002324_class382.jpg,78
002325_class182.jpg,171
002326_class317.jpg,294
002327_class223.jpg,79
002328_class120.jpg,120
002329_class304.jpg,304
002330_class373.jpg,235
002331_class087.jpg,375
002332_class279.jpg,149
002333_class186.jpg,186
002334_class252.jpg,346
002335_class025.jpg,121
002336_class056.jpg,68
002337_class281.jpg,14
002338_class177.jpg,228
002339_class050.jpg,213
002340_class285.jpg,298
002341_class040.jpg,149
002342_class359.jpg,318
002343_class228.jpg,84
002344_class358.jpg,391
002345_class016.jpg,96
002346_class279.jpg,291
002347_class092.jpg,23
002348_class188.jpg,367
002349_class018.jpg,31
002350_class005.jpg,5
002351_class032.jpg,160
002352_class134.jpg,34
002353_class205.jpg,290
002354_class376.jpg,260
002355_class340.jpg,160
002356_class185.jpg,368
002357_class295.jpg,295
002358_class163.jpg,391
002359_class062.jpg,62
002360_class370.jpg,161
002361_class205.jpg,41
002362_class276.jpg,276
002363_class072.jpg,276
002364_class328.jpg,323
002365_class371.jpg,41
002366_class245.jpg,245
002367_class105.jpg,125
002368_class104.jpg,255
002369_class255.jpg,212
002370_class229.jpg,184
002371_class284.jpg,43
002372_class066.jpg,83
002373_class346.jpg,313
002374_class222.jpg,8
002375_class223.jpg,259
002376_class173.jpg,280
002377_class090.jpg,214
002378_class342.jpg,342
002379_class025.jpg,143
002380_class137.jpg,192
002381_class116.jpg,298
002382_class190.jpg,316
002383_class089.jpg,369
002384_class000.jpg,85
002385_class280.jpg,212
002386_class007.jpg,7
002387_class185.jpg,185
002388_class040.jpg,40
002389_class200.jpg,46
002390_class326.jpg,358
002391_class126.jpg,310
002392_class053.jpg,125
002393_class148.jpg,23
002394_class336.jpg,18
002395_class194.jpg,68
002396_class023.jpg,23
002397_class365.jpg,365
002398_class206.jpg,176
002399_class185.jpg,55
002400_class188.jpg,130
002401_class107.jpg,105
002402_class232.jpg,154
002403_class086.jpg,86
002404_class165.jpg,289
002405_class344.jpg,115
002406_class266.jpg,266
002407_class011.jpg,234
002408_class297.jpg,330
002409_class296.jpg,370
002410_class122.jpg,122
002411_class338.jpg,338
002412_class226.jpg,226
002413_class254.jpg,254
002414_class085.jpg,0
002415_class158.jpg,233
002416_class243.jpg,124
002417_class310.jpg,310
002418_class270.jpg,152
002419_class002.jpg,223
002420_class059.jpg,59
002421_class209.jpg,308
002422_class382.jpg,364
002423_class309.jpg,309
002424_class347.jpg,347
002425_class297.jpg,289
002426_class187.jpg,267
002427_class131.jpg,312
002428_class331.jpg,332
002429_class097.jpg,380
002430_class136.jpg,136
002431_class396.jpg,189
002432_class034.jpg,34
002433_class189.jpg,250
002434_class053.jpg,14
002435_class112.jpg,112
002436_class125.jpg,125
002437_class012.jpg,237
002438_class107.jpg,192
002439_class362.jpg,362
002440_class281.jpg,39
002441_class215.jpg,272
002442_class281.jpg,82
002443_class270.jpg,149
002444_class334.jpg,312
002445_class165.jpg,78
002446_class092.jpg,271
002447_class183.jpg,183
002448_class309.jpg,310
002449_class377.jpg,200
002450_class194.jpg,70
002451_class009.jpg,343
002452_class216.jpg,305
002453_class130.jpg,380
002454_class154.jpg,232
002455_class121.jpg,341
002456_class176.jpg,142
002457_class232.jpg,193
002458_class254.jpg,254
002459_class090.jpg,214
002460_class270.jpg,311
002461_class347.jpg,109
002462_class064.jpg,223
002463_class085.jpg,331
002464_class211.jpg,170
002465_class058.jpg,269
002466_class035.jpg,191
002467_class125.jpg,264
002468_class304.jpg,266
002469_class305.jpg,43
002470_class225.jpg,110
002471_class143.jpg,62
002472_class053.jpg,45
002473_class375.jpg,234
002474_class219.jpg,137
002475_class185.jpg,270
002476_class220.jpg,396
002477_class176.jpg,299
002478_class259.jpg,380
002479_class194.jpg,70
002480_class266.jpg,1
002481_class183.jpg,114
002482_class003.jpg,78
002483_class075.jpg,74
002484_class117.jpg,232
002485_class119.jpg,370
002486_class236.jpg,273
002487_class299.jpg,252
002488_class179.jpg,122
002489_class248.jpg,353
002490_class197.jpg,200
002491_class087.jpg,265
002492_class005.jpg,249
002493_class143.jpg,142
002494_class177.jpg,18
002495_class173.jpg,140
002496_class095.jpg,368
002497_class043.jpg,4
002498_class349.jpg,149
002499_class036.jpg,143
002500_class227.jpg,157
002501_class011.jpg,203
002502_class060.jpg,266
002503_class091.jpg,189
002504_class353.jpg,353
002505_class256.jpg,256
002506_class357.jpg,307
002507_class316.jpg,38
002508_class342.jpg,342
002509_class150.jpg,133
002510_class360.jpg,394
002511_class288.jpg,130
002512_class002.jpg,266
002513_class016.jpg,171
002514_class314.jpg,314
002515_class230.jpg,62
002516_class136.jpg,329
002517_class190.jpg,125
002518_class019.jpg,149
002519_class065.jpg,24
002520_class057.jpg,265
002521_class387.jpg,387
002522_class087.jpg,395
002523_class036.jpg,393
002524_class151.jpg,184
002525_class081.jpg,173
002526_class205.jpg,31
002527_class308.jpg,308
002528_class110.jpg,204
002529_class234.jpg,319
002530_class233.jpg,103
002531_class105.jpg,122
002532_class301.jpg,249
002533_class200.jpg,102
002534_class051.jpg,34
002535_class157.jpg,80
002536_class257.jpg,257
002537_class105.jpg,380
002538_class300.jpg,38
002539_class275.jpg,16
002540_class374.jpg,173
002541_class391.jpg,102
002542_class135.jpg,224
002543_class317.jpg,324
002544_class159.jpg,265
002545_class200.jpg,99
002546_class029.jpg,388
002547_class056.jpg,289
002548_class169.jpg,129
002549_class340.jpg,32
002550_class198.jpg,199
002551_class242.jpg,253
002552_class195.jpg,255
002553_class147.jpg,147
002554_class019.jpg,149
002555_class170.jpg,331
002556_class141.jpg,123
002557_class312.jpg,312
002558_class220.jpg,280
002559_class067.jpg,150
002560_class113.jpg,247
002561_class392.jpg,83
002562_class203.jpg,344
002563_class088.jpg,231
002564_class181.jpg,181
002565_class393.jpg,187
002566_class027.jpg,359
002567_class264.jpg,264
002568_class275.jpg,132
002569_class142.jpg,62
002570_class312.jpg,312
002571_class230.jpg,136
002572_class149.jpg,149
002573_class351.jpg,351
002574_class203.jpg,267
002575_class179.jpg,44
002576_class142.jpg,142
002577_class287.jpg,391
002578_class003.jpg,274
002579_class336.jpg,62
002580_class075.jpg,274
002581_class337.jpg,79
002582_class301.jpg,93
002583_class268.jpg,268
002584_class086.jpg,115
002585_class229.jpg,153
002586_class337.jpg,337
002587_class161.jpg,160
002588_class128.jpg,269
002589_class244.jpg,377
002590_class370.jpg,370
002591_class047.jpg,380
002592_class272.jpg,237
002593_class341.jpg,249
002594_class158.jpg,266
002595_class335.jpg,343
002596_class390.jpg,390
002597_class328.jpg,151
002598_class046.jpg,254
002599_class192.jpg,372
002600_class239.jpg,229
002601_class034.jpg,34
002602_class045.jpg,45
002603_class117.jpg,364
002604_class066.jpg,9
002605_class264.jpg,264
002606_class132.jpg,67
002607_class119.jpg,217
002608_class088.jpg,88
002609_class204.jpg,325
002610_class248.jpg,264
002611_class355.jpg,136
002612_class191.jpg,256
002613_class351.jpg,351
002614_class051.jpg,289
002615_class248.jpg,263
002616_class094.jpg,289
002617_class098.jpg,295
002618_class048.jpg,41
002619_class179.jpg,169
002620_class022.jpg,393
002621_class241.jpg,330
002622_class225.jpg,66
002623_class223.jpg,268
002624_class372.jpg,372
002625_class172.jpg,313
002626_class113.jpg,38
002627_class393.jpg,256
002628_class386.jpg,25
002629_class153.jpg,207
002630_class360.jpg,149
002631_class374.jpg,173
002632_class142.jpg,269
002633_class374.jpg,27
002634_class184.jpg,184
002635_class277.jpg,277
002636_class057.jpg,265
002637_class047.jpg,212
002638_class113.jpg,228
002639_class296.jpg,296
002640_class334.jpg,256
002641_class034.jpg,353
002642_class294.jpg,294
002643_class179.jpg,329
002644_class245.jpg,368
002645_class218.jpg,218
002646_class314.jpg,86
002647_class140.jpg,173
002648_class184.jpg,325
002649_class032.jpg,32
002650_class009.jpg,354
002651_class255.jpg,186
002652_class029.jpg,335
002653_class007.jpg,206
002654_class205.jpg,205
002655_class046.jpg,391
002656_class087.jpg,170
002657_class202.jpg,29
002658_class228.jpg,113
002659_class023.jpg,23
002660_class323.jpg,245
002661_class234.jpg,128
002662_class243.jpg,379
002663_class111.jpg,152
002664_class318.jpg,318
002665_class123.jpg,10
002666_class291.jpg,265
002667_class396.jpg,130
002668_class152.jpg,152
002669_class067.jpg,103
002670_class298.jpg,269
002671_class170.jpg,129
002672_class232.jpg,391
002673_class330.jpg,330
002674_class168.jpg,217
002675_class086.jpg,83
002676_class131.jpg,396
002677_class196.jpg,323
002678_class108.jpg,237
002679_class130.jpg,396
002680_class099.jpg,99
002681_class208.jpg,145
002682_class151.jpg,368
002683_class054.jpg,43
002684_class287.jpg,242
002685_class100.jpg,101
002686_class011.jpg,344
002687_class097.jpg,23
002688_class047.jpg,269
002689_class322.jpg,335
002690_class103.jpg,172
002691_class016.jpg,79
002692_class079.jpg,79
002693_class117.jpg,236
002694_class358.jpg,390
002695_class292.jpg,181
002696_class016.jpg,16
002697_class056.jpg,280
002698_class291.jpg,149
002699_class076.jpg,136
002700_class246.jpg,351
002701_class236.jpg,372
002702_class301.jpg,171
002703_class181.jpg,174
002704_class330.jpg,330
002705_class260.jpg,265
002706_class241.jpg,359
002707_class002.jpg,233
002708_class263.jpg,308
002709_class224.jpg,335
002710_class038.jpg,38
002711_class040.jpg,379
002712_class203.jpg,344
002713_class290.jpg,290
002714_class256.jpg,272
002715_class016.jpg,137
002716_class360.jpg,277
002717_class357.jpg,357
002718_class067.jpg,103
002719_class221.jpg,171
002720_class055.jpg,319
002721_class328.jpg,324
002722_class243.jpg,45
002723_class262.jpg,191
002724_class180.jpg,129
002725_class300.jpg,290
002726_class183.jpg,157
002727_class012.jpg,118
002728_class034.jpg,195
002729_class017.jpg,79
002730_class020.jpg,195
002731_class035.jpg,313
002732_class053.jpg,281
002733_class015.jpg,122
002734_class313.jpg,232
002735_class354.jpg,318
002736_class151.jpg,151
002737_class353.jpg,100
002738_class138.jpg,392
002739_class395.jpg,75
002740_class199.jpg,198
002741_class144.jpg,78
002742_class379.jpg,121
002743_class271.jpg,58
002744_class198.jpg,198
002745_class066.jpg,304
002746_class033.jpg,259
002747_class317.jpg,171
002748_class210.jpg,62
002749_class179.jpg,272
002750_class119.jpg,119
002751_class077.jpg,368
002752_class371.jpg,165
002753_class276.jpg,276
002754_class094.jpg,173
002755_class231.jpg,395
002756_class282.jpg,17
002757_class227.jpg,339
002758_class092.jpg,316
002759_class360.jpg,360
002760_class196.jpg,102
002761_class134.jpg,44
002762_class335.jpg,335
002763_class310.jpg,254
002764_class393.jpg,64
002765_class264.jpg,374
002766_class351.jpg,94
002767_class040.jpg,149
002768_class359.jpg,274
002769_class355.jpg,222
002770_class217.jpg,366
002771_class244.jpg,314
002772_class245.jpg,366
002773_class130.jpg,205
002774_class183.jpg,156
002775_class299.jpg,262
002776_class140.jpg,338
002777_class201.jpg,200
002778_class071.jpg,246
002779_class090.jpg,301
002780_class254.jpg,310
002781_class007.jpg,27
002782_class129.jpg,0
002783_class150.jpg,51
002784_class303.jpg,151
002785_class248.jpg,283
002786_class133.jpg,380
002787_class215.jpg,365
002788_class354.jpg,354
002789_class149.jpg,42
002790_class048.jpg,48
002791_class381.jpg,140
002792_class081.jpg,81
002793_class306.jpg,377
002794_class266.jpg,266
002795_class037.jpg,37
002796_class031.jpg,238
002797_class132.jpg,214
002798_class100.jpg,274
002799_class238.jpg,316
002800_class009.jpg,84
002801_class242.jpg,242
002802_class014.jpg,14
002803_class177.jpg,3
002804_class326.jpg,358
002805_class303.jpg,307
002806_class101.jpg,176
002807_class187.jpg,347
002808_class201.jpg,245
002809_class067.jpg,1
002810_class349.jpg,184
002811_class230.jpg,116
002812_class203.jpg,176
002813_class113.jpg,142
002814_class348.jpg,355
002815_class360.jpg,288
002816_class183.jpg,370
002817_class049.jpg,78
002818_class127.jpg,127
002819_class307.jpg,385
002820_class006.jpg,272
002821_class216.jpg,310
002822_class347.jpg,347
002823_class007.jpg,46
002824_class158.jpg,148
002825_class063.jpg,43
002826_class241.jpg,343
002827_class133.jpg,133
002828_class011.jpg,141
002829_class341.jpg,286
002830_class165.jpg,131
002831_class198.jpg,45
002832_class233.jpg,34
002833_class269.jpg,371
002834_class022.jpg,38
002835_class121.jpg,312
002836_class304.jpg,208
002837_class381.jpg,207
002838_class282.jpg,367
002839_class066.jpg,145
002840_class281.jpg,82
002841_class039.jpg,39
002842_class163.jpg,156
002843_class349.jpg,349
002844_class146.jpg,166
002845_class300.jpg,51
002846_class392.jpg,392
002847_class274.jpg,101
002848_class295.jpg,307
002849_class293.jpg,293
002850_class093.jpg,133
002851_class277.jpg,5
002852_class039.jpg,231
002853_class117.jpg,115
002854_class095.jpg,193
002855_class128.jpg,128
002856_class212.jpg,133
002857_class234.jpg,157
002858_class365.jpg,365
002859_class068.jpg,264
002860_class320.jpg,312
002861_class256.jpg,267
002862_class087.jpg,265
002863_class051.jpg,96
002864_class385.jpg,385
002865_class063.jpg,14
002866_class101.jpg,67
002867_class326.jpg,326
002868_class222.jpg,59
002869_class107.jpg,47
002870_class055.jpg,62
002871_class346.jpg,182
002872_class244.jpg,237
002873_class367.jpg,355
002874_class019.jpg,149
002875_class274.jpg,264
002876_class296.jpg,161
002877_class086.jpg,66
002878_class350.jpg,91
002879_class310.jpg,310
002880_class142.jpg,143
002881_class092.jpg,62
002882_class373.jpg,242
002883_class333.jpg,352
002884_class249.jpg,264
002885_class092.jpg,280
002886_class209.jpg,308
002887_class162.jpg,265
002888_class203.jpg,344
002889_class326.jpg,256
002890_class035.jpg,250
002891_class104.jpg,388
002892_class219.jpg,219
002893_class193.jpg,129
002894_class376.jpg,363
002895_class146.jpg,84
002896_class134.jpg,134
002897_class144.jpg,351
002898_class242.jpg,346
002899_class390.jpg,390
002900_class394.jpg,199
002901_class073.jpg,193
002902_class193.jpg,194
002903_class228.jpg,318
002904_class252.jpg,203
002905_class211.jpg,59
002906_class317.jpg,320
002907_class265.jpg,265
002908_class052.jpg,271
002909_class251.jpg,214
002910_class116.jpg,369
002911_class235.jpg,235
002912_class305.jpg,305
002913_class115.jpg,12
002914_class175.jpg,272
002915_class100.jpg,173
002916_class020.jpg,20
002917_class221.jpg,130
002918_class331.jpg,65
002919_class272.jpg,169
002920_class241.jpg,83
002921_class034.jpg,233
002922_class293.jpg,293
002923_class308.jpg,354
002924_class116.jpg,116
002925_class092.jpg,22
002926_class169.jpg,318
002927_class126.jpg,126
002928_class155.jpg,275
002929_class036.jpg,332
002930_class246.jpg,246
002931_class318.jpg,58
002932_class050.jpg,311
002933_class382.jpg,245
002934_class145.jpg,353
002935_class297.jpg,75
002936_class282.jpg,282
002937_class025.jpg,333
002938_class283.jpg,283
002939_class289.jpg,158
002940_class256.jpg,224
002941_class029.jpg,41
002942_class036.jpg,117
002943_class257.jpg,180
002944_class168.jpg,217
002945_class162.jpg,174
002946_class302.jpg,96
002947_class064.jpg,85
002948_class120.jpg,120
002949_class131.jpg,367
002950_class152.jpg,152
002951_class086.jpg,83
002952_class100.jpg,100
002953_class147.jpg,268
002954_class073.jpg,239
002955_class082.jpg,231
002956_class254.jpg,254
002957_class212.jpg,280
002958_class098.jpg,77
002959_class058.jpg,264
002960_class213.jpg,214
002961_class019.jpg,42
002962_class194.jpg,193
002963_class141.jpg,223
002964_class111.jpg,168
002965_class128.jpg,53
002966_class248.jpg,23
002967_class387.jpg,387
002968_class302.jpg,16
002969_class358.jpg,358
002970_class178.jpg,323
002971_class045.jpg,56
002972_class210.jpg,288
002973_class300.jpg,68
002974_class313.jpg,232
002975_class195.jpg,362
002976_class113.jpg,113
002977_class382.jpg,62
